 %%MatrixMarket matrix coordinate complex symmetric
          98          98                   765
           1           1   21.5999665791174       3.211405823669555E-002
           2           1  -7.19998920783995      -1.908226648847126E-002
           3           1  -2.39999895559741       3.025237370123494E-003
           4           1  -2.39999582238967       2.792526803190932E-003
           5           1   4.79999442985290       1.396263401595454E-003
           6           1  -14.4000000000000      -2.559816236258329E-003
           7           1  -7.20001044402582       6.050474740247002E-003
           8           1   2.39999895559741      -3.025237370123496E-003
           9           1   4.79999756306062       1.163552834662873E-003
          10           1   4.79999721492644      -9.308422677303068E-004
          11           1  -2.39999860746323      -2.007865436553898E-034
          12           1  -2.39999825932902       3.063605304566486E-019
          13           1  -4.79994569106585      -1.303179174822431E-002
          14           1   24.0000041776104      -9.308422677303146E-003
          15           1  -6.78825759357346       1.033442517928489E-018
          16           1  -4.79999582238977       0.000000000000000E+000
          17           1  -6.78821131398000       4.332592171476074E-019
          18           1  -24.0000069626840       2.686950546614065E-018
          19           1  -43.1999526537497      -1.117010721276365E-002
          20           1  -33.6000097477573       5.585053606381927E-003
           2           2   21.5999665791174       3.211405823669555E-002
           3           2   7.20001044402582      -6.050474740246995E-003
           4           2  -2.39999895559742       3.025237370123497E-003
           5           2   4.79999721492645      -9.308422677303086E-004
           6           2   4.79999756306065       1.163552834662879E-003
           7           2   2.39999895559740      -3.025237370123494E-003
           8           2   2.39999582238968      -2.792526803190933E-003
           9           2  -14.4000000000000      -2.559816236258331E-003
          10           2   4.79999442985291       1.396263401595448E-003
          11           2  -2.39999825932903      -7.457785907200086E-035
          12           2  -2.39999860746323       1.675541378216935E-019
          13           2  -43.1999526537497      -1.117010721276365E-002
          14           2  -33.6000097477574       5.585053606381892E-003
          15           2   6.78821131398013      -6.200655107570949E-019
          16           2  -24.0000069626839       0.000000000000000E+000
          17           2   6.78825759357339       2.369573341391695E-019
          18           2  -4.79999582238963      -2.066885035857104E-019
          19           2  -4.79994569106577      -1.303179174822426E-002
          20           2   24.0000041776103      -9.308422677303127E-003
           3           3   28.7999185365986       2.978695256736976E-002
           4           3  -9.59997319366706      -1.908226648847127E-002
           5           3   2.39999825932904       1.163552834662878E-003
           6           3   2.39999860746322      -9.308422677303154E-004
           7           3  3.481341937732805E-007  2.839431782025424E-019
           8           3  6.962683878205979E-007 -1.294338289688482E-019
           9           3  1.671044131755228E-005 -1.795848694985470E-019
          10           3  5.570147111806858E-006 -5.428108361402341E-019
          11           3  2.088805159778951E-006 -2.294703356061540E-035
          12           3 -4.177610337547217E-006 -2.507552026484556E-020
          13           3  -19.2000153179046       5.585053606381843E-003
          14           3  -19.1999637940438      -1.117010721276357E-002
          15           3  -6.78817783512543       1.240131021514164E-018
          16           3  4.177610327661423E-005 -1.596835382862330E-033
          17           3 -1.477008296038675E-005 -3.546214084210620E-020
          18           3  -4.80001671044130       1.653508028685551E-018
          19           3  -4.80003202834583       2.480262043028332E-018
          20           3 -1.810297808925039E-005  8.267540143427812E-019
          29           3 -6.962683866166585E-007 -2.568395441153921E-019
          30           3 -3.481341944403535E-007  8.142162542103580E-019
          43           3   4.79999721492642      -1.655211172392647E-049
          44           3   4.79999651865806       0.000000000000000E+000
          47           3  1.477008297786011E-005 -1.164451027334210E-033
          48           3   4.80001671044144       2.981763367682803E-033
          79           3   2.39999825932902      -3.025237370123514E-003
          80           3  -7.20001357723357       6.050474740246998E-003
          81           3  -14.4000240212594       6.702165512867735E-019
          82           3   4.79999721492642       1.045980278060901E-018
          83           3 -3.481341899432693E-007  0.000000000000000E+000
          84           3  3.481341783285291E-007  0.000000000000000E+000
          85           3  -2.39999860746320       9.308422677303275E-004
          86           3  -2.39999825932904      -1.163552834662887E-003
          87           3   4.80001949551488       0.000000000000000E+000
          88           3  -4.80001949551483       0.000000000000000E+000
          89           3  -43.1999192328670      -2.981763367682803E-033
          90           3   38.4000389910298       4.628545803258124E-033
          91           3  -3.39411550371203       0.000000000000000E+000
          92           3   5.87878049918647       0.000000000000000E+000
          93           3   19.2000236731252      -5.585053606381813E-003
          94           3  -23.9999554388231      -1.117010721276358E-002
          95           3 -1.810297811538438E-005 -6.012219628385948E-018
          96           3  -4.80003202834597       1.713689277321193E-017
           4           4   28.7999101813779       3.444116390602130E-002
           5           4  -7.19999686679225      -2.559816236258324E-003
           6           4   2.39999512612127       1.396263401595449E-003
           7           4  6.962683886606455E-007 -1.567474811188172E-019
           8           4  1.392536775742117E-006 -5.340322932596650E-020
           9           4 -6.962683904051141E-007  2.101507104447836E-019
          10           4  6.962683878057322E-006 -3.169571690967169E-019
          11           4 -1.044402582264248E-005 -1.893130268750813E-034
          12           4 -4.177610324816443E-006  2.635539397707504E-019
          13           4   19.1999958223897      -9.308422677303108E-003
          14           4  3.759849298273196E-005 -1.303179174822424E-002
          15           4  -6.78816404971461       1.446819525099867E-018
          16           4 -1.392536776402122E-005  7.905160281681710E-050
          17           4 -1.280073856768820E-005  3.727215560406565E-019
          18           4  -4.80001949551486       3.100327553785435E-018
          19           4  -4.80005013132394       2.893639050199734E-018
          20           4 -1.253283098509052E-005 -2.066885035857009E-019
          29           4 -1.392536777676420E-006  4.589406712123106E-035
          30           4 -6.962683890595924E-007  1.089984094129250E-034
          43           4   4.79999025224258      -1.470788935424604E-065
          44           4  -14.3999937335845       0.000000000000000E+000
          47           4  1.280073856321981E-005  5.764634294829825E-050
          48           4   4.80001949551486       2.649537800607557E-049
          79           4   2.39999442985289      -2.792526803190920E-003
          80           4   2.39999825932904      -3.025237370123504E-003
          81           4   4.79999721492644      -7.163009423047084E-049
          82           4   4.79999025224258       9.752489263261772E-035
          83           4 -6.962683915158746E-007  0.000000000000000E+000
          84           4  6.962683992491268E-007  0.000000000000000E+000
          85           4  -2.39999512612128      -1.396263401595457E-003
          86           4   7.19999686679225       2.559816236258330E-003
          87           4   4.80003759849297       0.000000000000000E+000
          88           4  -4.80003759849298       0.000000000000000E+000
          89           4  -4.79991923286702      -2.649537800607557E-049
          90           4  -38.3999860746323       1.834295400420616E-049
          91           4  -3.39411747305642       0.000000000000000E+000
          92           4   5.87878391019099       0.000000000000000E+000
          93           4  -19.1999902522426       9.308422677303110E-003
          94           4  -4.79995683135989      -1.303179174822425E-002
          95           4 -1.253283097048574E-005 -1.560398282121875E-033
          96           4  -4.80005013132393       1.009669476667098E-033
           5           5   14.3999770231432       8.843001543437895E-003
           6           5  -4.79999164477932      -5.585053606381826E-003
           7           5 -2.785073565832519E-006 -1.924196400237293E-019
           8           5 -3.481341936459914E-006  1.426886356196563E-020
           9           5  -2.39999895559741       1.781507764617635E-019
          10           5  -2.40000000000000      -1.496130493378325E-019
          11           5  -7.19999477798708      -1.032616510227715E-034
          12           5   2.39999651865806       1.638819128997981E-019
          13           5  -38.3999610089703      -7.446738141842435E-003
          14           5  -4.79998050448516      -3.723369070921253E-003
          15           5   6.78822214537425       4.133770071713949E-019
          16           5  -19.2000000000000       0.000000000000000E+000
          17           5  -3.39410270297341       2.317640238505404E-019
          18           5   4.79997771941162       1.240131021514180E-018
          19           5   4.80000835522064       8.267540143427898E-019
          20           5  -4.80003342088264      -4.133770071713897E-019
           6           6   14.3999791119484       8.843001543437897E-003
           7           6 -8.355220657196506E-006 -4.035844073796896E-020
           8           6  3.481341946800101E-007 -4.035844073796586E-020
           9           6  -2.39999895559743       8.071688147593487E-020
          10           6  -2.39999895559741      -1.614337629518668E-019
          11           6   2.39999651865804      -9.178813424246359E-035
          12           6   2.39999930373161       1.210753222139009E-019
          13           6  3.063580902599581E-005 -3.723369070921273E-003
          14           6  -23.9999637940439      -7.446738141842379E-003
          15           6   6.78823100742416       8.267540143427768E-019
          16           6  8.355220610211838E-006  0.000000000000000E+000
          17           6   10.1823415877750       1.712263627435909E-019
          18           6   23.9999693641910       1.653508028685559E-018
          19           6   23.9999958223897       1.653508028685554E-018
          20           6   14.3999874671690      -5.729641584552027E-033
           7           7   7.19997493433802       1.489347628368490E-002
           8           7  -2.39999199291352      -9.541133244235637E-003
           9           7  -2.39999860746320       9.308422677303109E-004
          10           7  -2.39999825932902      -1.163552834662877E-003
          11           7  2.088805176905396E-006  6.189668616894855E-050
          12           7 -1.044402580977618E-006 -1.202097850380090E-034
          13           7   4.80003202834597       7.051050549141728E-018
          14           7  1.810297811918548E-005 -1.464376610860998E-018
          15           7 -1.477008298302955E-005  1.625784630100440E-034
          16           7   4.80001671044143       0.000000000000000E+000
          17           7  -3.39408891756273      -1.700023083307066E-034
          18           7 -2.088805164186320E-005 -2.509184728134594E-034
          19           7   19.2000153179045      -5.585053606381966E-003
          20           7   19.1999637940438       1.117010721276366E-002
           8           8   7.19997284553286       1.722058195301066E-002
           9           8  -2.39999512612129      -1.396263401595450E-003
          10           8   7.19999686679225       2.559816236258333E-003
          11           8  2.088805160451346E-006  7.535061549279284E-052
          12           8  5.222012910900761E-006  9.598239272605019E-036
          13           8   4.80005013132393      -1.216489594286107E-018
          14           8  1.253283097927880E-005  1.842639446510119E-018
          15           8 -1.280073855983426E-005 -2.045740739598091E-034
          16           8   4.80001949551485       0.000000000000000E+000
          17           8  -3.39408202485731       1.357396015422010E-035
          18           8  6.962683886101254E-006 -2.509184728134586E-034
          19           8  -19.1999958223896       9.308422677303155E-003
          20           8 -3.759849291456445E-005  1.303179174822428E-002
           9           9   28.7999582238967       1.768600308687579E-002
          10           9  -9.59998328955867      -1.117010721276365E-002
          11           9   4.79999860746321       1.434189597538537E-035
          12           9   4.79999303731611      -2.507552026484513E-020
          13           9   23.9999958223897      -5.834560954855620E-018
          14           9   14.3999874671690      -3.782628356491239E-019
          15           9  -20.3646831755501       7.092428168422197E-020
          16           9   47.9999387283819       1.603356988155883E-018
          17           9  -6.78823100742406       1.564283481764864E-034
          18           9  8.355220638171936E-006  5.018369456269186E-034
          19           9  3.063580913880209E-005 -3.723369070921208E-003
          20           9  -23.9999637940438      -7.446738141842373E-003
          29           9   2.39999512612127       1.396263401595449E-003
          30           9   2.39999860746322      -9.308422677303170E-004
          43           9  -2.39999895559744       8.659757660698714E-049
          44           9  -2.39999895559741       0.000000000000000E+000
          47           9   6.78823100742416       1.169206739829969E-018
          48           9 -8.355220584842496E-006 -1.560003254953661E-032
          81           9   14.4000000000000       2.559816236258329E-003
          82           9  -4.79999756306066      -1.163552834662883E-003
          89           9   14.3999874671690       1.588892204119470E-032
          90           9  -23.9999958223897      -1.653508028685589E-018
          95           9  -23.9999637940439      -7.446738141842397E-003
          96           9  3.063580898776251E-005 -3.723369070921312E-003
          10          10   28.7999540462864       1.768600308687579E-002
          11          10   4.79999303731613       3.728892953600058E-035
          12          10  -14.3999895559742      -2.507552026484487E-020
          13          10   4.80000835522066       3.401581766283410E-018
          14          10  -4.80003342088263       4.063541728669368E-018
          15          10   6.78820540594690       6.555276515991852E-019
          16          10   9.59995543882319       1.603356988155877E-018
          17          10  -6.78822214537425      -1.292804278680464E-034
          18          10  -19.2000000000000      -1.003673891253837E-033
          19          10  -38.3999610089702      -7.446738141842364E-003
          20          10  -4.79998050448506      -3.723369070921198E-003
          29          10  -7.19999686679225      -2.559816236258324E-003
          30          10   2.39999825932904       1.163552834662875E-003
          43          10  -2.39999895559741       4.589406712123120E-035
          44          10  -2.40000000000000       0.000000000000000E+000
          47          10   6.78822214537425       1.169206739829964E-018
          48          10   19.2000000000000      -8.267540143427734E-019
          81          10  -4.79999442985290      -1.396263401595453E-003
          82          10  -4.79999721492644       9.308422677303089E-004
          89          10  -4.80003342088264       8.267540143427747E-019
          90          10  -4.80000835522065      -2.480262043028341E-018
          95          10  -4.79998050448515      -3.723369070921264E-003
          96          10  -38.3999610089703      -7.446738141842404E-003
          11          11   14.3999707567277       4.868452798268461E-065
          12          11  -4.79998885970580      -6.618541533091568E-050
          13          11   19.1999944298529       2.661855893031441E-033
          14          11   4.80000139253677       2.019338953334195E-033
          15          11  -6.78819752856929      -8.301660858559411E-050
          16          11   38.3999554388232       1.778661063378394E-049
          17          11   3.39409482559584      -8.966637029333953E-050
          18          11 -1.671044135298173E-005 -5.706696801308586E-049
          19          11 -1.671044130509663E-005 -4.483833201028176E-049
          20          11   4.80001671044133       1.222863600280411E-049
          29          11 -2.088805165760292E-006  4.015730873107814E-035
          30          11 -2.088805165360613E-006 -3.872311913353922E-035
          43          11   2.39999651865806       1.046522896359814E-065
          44          11  -7.19999477798708       0.000000000000000E+000
          47          11  -3.39409482559587       1.297042716336712E-049
          48          11  1.671044130779648E-005 -1.885248050432301E-049
          81          11   2.39999825932903      -6.310434229169351E-035
          82          11   2.39999860746323      -6.453853188923211E-035
          89          11   4.80000139253675       1.885248050432300E-049
          90          11  -19.1999944298529      -3.719543450852918E-049
          95          11   4.80001671044131       2.294703356061443E-035
          96          11 -1.671044131046097E-005 -1.262086845833873E-033
          12          12   14.3999707567277       1.037152968873085E-034
          13          12 -1.671044131519081E-005 -4.618071360569517E-018
          14          12   4.80001671044132      -2.220902282159248E-018
          15          12  -6.78818965119174       2.074305937746187E-034
          16          12 -3.342088266007590E-005 -1.727683069068888E-034
          17          12   3.39409876428464       1.428543880222665E-034
          18          12   19.1999777194116       7.527554184403785E-034
          19          12   19.1999944298529       4.931393698191505E-034
          20          12   4.80000139253674      -2.596160486212279E-034
          29          12 -5.222012909501960E-006 -5.015104052969009E-020
          30          12  1.044402582457736E-006 -1.253776013242312E-020
          43          12   2.39999930373161      -2.472637201876556E-051
          44          12   2.39999651865806       0.000000000000000E+000
          47          12  -3.39409876428467      -1.259868328492966E-034
          48          12  -19.1999777194116       4.454307192397473E-035
          81          12   2.39999860746323       5.015104052968992E-020
          82          12   2.39999825932902       1.253776013242159E-020
          89          12   4.80001671044134      -4.454307192397472E-035
          90          12  1.671044130557603E-005  2.227153596198823E-034
          95          12   4.80000139253678       6.018124863562881E-019
          96          12   19.1999944298529       6.018124863562691E-019
          13          13   230.399465265878       0.238295620538958     
          14          13   76.7998663164697       2.978695256736989E-002
          15          13  -27.1527979916550      -3.307016057371131E-018
          16          13   153.599910877647       0.000000000000000E+000
          17          13  -54.3059425879235      -6.530939150124174E-018
          18          13  6.684176514851053E-005 -2.314911240159793E-017
          19          13 -1.448238245406688E-004 -6.614032114742262E-018
          20          13  1.448238249674779E-004  1.653508028685566E-017
          14          14   153.599598949409       0.238295620538958     
          15          14  -54.3058795689030      -2.645612845896902E-017
          16          14   38.3999220179407       0.000000000000000E+000
          17          14   27.1529003975634      -3.140830128134961E-018
          18          14  1.336835301567272E-004 -4.629822480319580E-017
          19          14  1.448238244575513E-004 -5.291225691793803E-017
          20          14   38.4001559641191      -6.614032114742239E-018
          15          15   153.599598949409       6.074228802369631E-033
          16          15  -54.3057062665959       2.502597538097100E-033
          17          15  -19.1999108776463       3.487021924691811E-034
          18          15   54.3058638141477       5.140135517577949E-033
          19          15   54.3059425879235       5.874440591517656E-033
          20          15  -27.1529003975635       7.343050739397066E-034
          29          15  1.280073857316292E-005  4.341502483259212E-019
          30          15  1.477008296738049E-005 -1.133744598987855E-018
          43          15   6.78823100742405       2.375790459246374E-049
          44          15   6.78822214537424       0.000000000000000E+000
          47          15   19.1999108776463       1.824954723271231E-033
          48          15  -54.3058638141477      -4.279843610788939E-033
          81          15  -6.78821131398000      -1.018753618240888E-018
          82          15   6.78825759357337      -1.496970565629560E-018
          89          15  -54.3058795689025       4.279843610788938E-033
          90          15   27.1527979916547      -6.860719331155950E-033
          95          15  -27.1529003975634       7.651471158218601E-018
          96          15   54.3059425879235      -2.508631755702030E-017
          16          16   307.199465265879       1.104699999382972E-032
          17          16  -54.3058638141477       0.000000000000000E+000
          18          16 -4.456117692918154E-005  0.000000000000000E+000
          19          16  6.684176544280126E-005  0.000000000000000E+000
          20          16  1.336835307616876E-004  0.000000000000000E+000
          29          16  -4.80001949551486       3.206713976311751E-018
          30          16  -4.80001671044130       8.016784940779316E-019
          43          16  8.355220635024431E-006  1.581032056336352E-049
          44          16  -19.2000000000000       0.000000000000000E+000
          47          16   54.3058638141477       8.055739890180705E-033
          48          16  4.456117694572744E-005 -2.848134151910882E-033
          81          16   24.0000069626840      -3.206713976311766E-018
          82          16   4.79999582238963      -8.016784940779332E-019
          89          16   38.3999220179404       2.848134151910881E-033
          90          16  -153.599910877647      -1.424067075955439E-032
          95          16  1.336835301550618E-004 -3.848056771574098E-017
          96          16  6.684176513881584E-005 -3.848056771574105E-017
          17          17   76.7997994747043       2.020266129855976E-034
          18          17   27.1528531332978       1.064556921908215E-033
          19          17   27.1527979916547       6.974043849383622E-034
          20          17   54.3058795689025      -3.671525369698532E-034
          18          18   153.599732632939       1.028027103515590E-032
          19          18   153.599910877646       1.028027103515590E-032
          20          18   38.3999220179403      -4.917887066569640E-049
          19          19   230.399465265878       0.238295620538958     
          20          19   76.7998663164691       2.978695256736939E-002
          20          20   153.599598949408       0.238295620538958     
          21          21   14.3999644903122       3.444116390602133E-002
          22          21  -4.79998920783996      -1.908226648847127E-002
          23          21   2.39999825932901      -3.025237370123500E-003
          24          21   2.39999442985289      -2.792526803190936E-003
          25          21  -2.39999512612128      -1.396263401595455E-003
          26          21   7.19999686679225       2.559816236258328E-003
          27          21   7.19999686679225       2.559816236258334E-003
          28          21  -2.39999512612128      -1.396263401595453E-003
          29          21   2.39999825932902      -3.025237370123514E-003
          30          21   2.39999442985288      -2.792526803190920E-003
          31          21 -6.962683973839799E-007  1.032616510227726E-034
          32          21  6.962683998505858E-007 -2.531406847421856E-019
          33          21  -19.1999902522425       9.308422677303122E-003
          34          21  -4.79995683136002      -1.303179174822436E-002
          35          21   4.80003759849301       0.000000000000000E+000
          36          21   4.80003759849304       0.000000000000000E+000
          37          21  -3.39411747305644       3.579949895508108E-019
          38          21  -5.87878391019107      -6.200655107570947E-019
          39          21  -19.1999902522425       9.308422677303108E-003
          40          21   4.79995683136001       1.303179174822431E-002
          22          22   14.3999686679225       2.978695256736979E-002
          23          22  -7.20001357723356       6.050474740246994E-003
          24          22   2.39999825932904      -3.025237370123497E-003
          25          22  -2.39999860746323       9.308422677303111E-004
          26          22  -2.39999825932902      -1.163552834662880E-003
          27          22  -2.39999825932902      -1.163552834662882E-003
          28          22  -2.39999860746323       9.308422677303117E-004
          29          22  -7.20001357723357       6.050474740246998E-003
          30          22   2.39999825932904      -3.025237370123504E-003
          31          22 -3.481341911375389E-007 -4.818877047729339E-034
          32          22  3.481341905904716E-007  1.181323195463522E-018
          33          22   19.2000236731252      -5.585053606381896E-003
          34          22  -23.9999554388232      -1.117010721276365E-002
          35          22   4.80001949551487       0.000000000000000E+000
          36          22   4.80001949551485       0.000000000000000E+000
          37          22  -3.39411550371203      -1.670643284570433E-018
          38          22  -5.87878049918645       2.893639050199744E-018
          39          22   19.2000236731252      -5.585053606381868E-003
          40          22   23.9999554388232       1.117010721276367E-002
          23          23   14.3999686679225       1.489347628368489E-002
          24          23  -4.79998920783999      -9.541133244235639E-003
          25          23   2.39999825932904       1.163552834662878E-003
          26          23   2.39999860746320      -9.308422677303137E-004
          27          23 -3.481341808145884E-007  0.000000000000000E+000
          28          23  3.481341895198036E-007  0.000000000000000E+000
          29          23  -7.20001357723356       0.000000000000000E+000
          30          23   2.39999825932903       0.000000000000000E+000
          31          23  -2.39999825932903       0.000000000000000E+000
          32          23  -2.39999860746322       0.000000000000000E+000
          33          23  -23.9999554388231      -1.117010721276356E-002
          34          23   19.2000236731252      -5.585053606381840E-003
          35          23   19.2000236731252       0.000000000000000E+000
          36          23  -23.9999554388232       0.000000000000000E+000
          37          23  -3.39411550371203       0.000000000000000E+000
          38          23   5.87878049918645       0.000000000000000E+000
          39          23   4.80001949551482       0.000000000000000E+000
          40          23  -4.80001949551487       0.000000000000000E+000
          24          24   14.3999644903122       1.722058195301065E-002
          25          24  -7.19999686679225      -2.559816236258323E-003
          26          24   2.39999512612128       1.396263401595449E-003
          27          24 -6.962684022098524E-007  0.000000000000000E+000
          28          24  6.962683909837287E-007  0.000000000000000E+000
          29          24   2.39999825932903       0.000000000000000E+000
          30          24   2.39999442985289       0.000000000000000E+000
          31          24   7.19999686679225       0.000000000000000E+000
          32          24  -2.39999512612128       0.000000000000000E+000
          33          24  -4.79995683135989      -1.303179174822424E-002
          34          24  -19.1999902522426       9.308422677303103E-003
          35          24  -19.1999902522426       0.000000000000000E+000
          36          24  -4.79995683135994       0.000000000000000E+000
          37          24  -3.39411747305639       0.000000000000000E+000
          38          24   5.87878391019100       0.000000000000000E+000
          39          24   4.80003759849298       0.000000000000000E+000
          40          24  -4.80003759849296       0.000000000000000E+000
          25          25   7.19998537836385       2.066628628807573E-002
          26          25  -2.39999442985288      -1.270589555485688E-002
          27          25 -6.962683877286406E-007 -1.343555084617973E-004
          28          25 -1.392536775546087E-006 -1.343555084617943E-003
          29          25  3.481341899518499E-007 -1.147351678030795E-033
          30          25  6.962683904297272E-007  5.966228725760144E-034
          31          25  3.133207746502815E-006 -2.687110169235956E-004
          32          25  6.962683854027955E-007  1.343555084618018E-004
          33          25  1.392536774902158E-005 -3.723369070921238E-003
          34          25   19.1999721492645       7.446738141842418E-003
          35          25 -1.114029419724620E-005  0.000000000000000E+000
          36          25   4.80000139253678       0.000000000000000E+000
          37          25 -1.969344384740705E-006  2.280088586954475E-003
          38          25  -3.91916653343036      -6.582048797271655E-003
          39          25  8.355220638755108E-006 -4.038677906668394E-033
          40          25   4.80001671044133      -4.772982980608100E-033
          26          26   7.19998537836385       2.066628628807572E-002
          27          26 -3.133207746734440E-006  2.687110169235985E-004
          28          26 -6.962683872614447E-007 -1.343555084617967E-004
          29          26 -3.481341775560148E-007 -2.109505706184861E-018
          30          26 -6.962684012214302E-007  1.096942967216130E-018
          31          26  6.962683903254889E-007  1.343555084618073E-004
          32          26  1.392536788769271E-006  1.343555084617936E-003
          33          26  -19.1999721492644      -7.446738141842337E-003
          34          26 -1.392536776023436E-005  3.723369070921272E-003
          35          26 -8.355220698545245E-006  0.000000000000000E+000
          36          26   4.80001671044143       0.000000000000000E+000
          37          26  1.969344407608346E-006 -2.280088586954473E-003
          38          26  -3.91916653343039      -6.582048797271627E-003
          39          26  1.114029419732937E-005 -7.425460085770701E-018
          40          26   4.80000139253684      -8.775543737729004E-018
          27          27   7.19998537836385       2.066628628807573E-002
          28          27  -2.39999442985289      -1.270589555485688E-002
          29          27   2.39999860746320      -9.308422677303179E-004
          30          27   2.39999512612127       1.396263401595445E-003
          31          27 -1.392536790471370E-006 -1.343555084617946E-003
          32          27 -6.962683875298255E-007 -1.343555084617994E-004
          33          27  1.114029422386358E-005  0.000000000000000E+000
          34          27  -4.80000139253682       0.000000000000000E+000
          35          27   4.80001671044141       0.000000000000000E+000
          36          27 -8.355220683015040E-006  0.000000000000000E+000
          37          27  -3.39409876428468      -4.560177173908812E-003
          38          27  -1.95958156121291      -5.265639037817368E-003
          39          27  -19.1999721492645      -7.446738141842412E-003
          40          27  1.392536775723722E-005 -3.723369070921259E-003
          28          28   7.19998537836385       2.066628628807573E-002
          29          28   2.39999825932904       1.163552834662887E-003
          30          28  -7.19999686679225      -2.559816236258333E-003
          31          28 -6.962683850952794E-007 -1.343555084617967E-004
          32          28 -3.133207745463467E-006  2.687110169235959E-004
          33          28  8.355220648968244E-006  0.000000000000000E+000
          34          28  -4.80001671044133       0.000000000000000E+000
          35          28   4.80000139253678       0.000000000000000E+000
          36          28 -1.114029419366088E-005  0.000000000000000E+000
          37          28  -3.39409679494028      -6.840265760863272E-003
          38          28  -1.95958497221745      -1.316409759454291E-003
          39          28  1.392536773969569E-005 -3.723369070921236E-003
          40          28  -19.1999721492645      -7.446738141842405E-003
          29          29   21.5999415134554       3.211405823669551E-002
          30          29  -7.19998120075354      -1.908226648847126E-002
          31          29   2.39999860746322      -8.605137585230967E-034
          32          29   2.39999825932903       2.109505706184861E-018
          33          29   4.80001949551483       0.000000000000000E+000
          34          29   4.80001949551488       0.000000000000000E+000
          35          29  -23.9999554388232       0.000000000000000E+000
          36          29   19.2000236731252       0.000000000000000E+000
          37          29   6.78823100742407      -2.983291579590060E-018
          38          29 -4.218868514401229E-015  5.167212589642403E-018
          39          29  -23.9999554388231      -1.117010721276358E-002
          40          29  -19.2000236731252       5.585053606381813E-003
          43          29 -3.481341955658046E-007  2.294703356061656E-035
          44          29  3.481341943259073E-006  0.000000000000000E+000
          47          29  -3.39408202485729       2.338413479659930E-018
          48          29  6.962683876967528E-006 -4.133770071714040E-019
          81          29   2.39999582238966      -2.792526803190924E-003
          82          29   2.39999895559742      -3.025237370123500E-003
          89          29 -1.253283099213429E-005  4.133770071714025E-019
          90          29   4.80005013132394      -3.720393064542537E-018
          95          29  3.759849298917121E-005 -1.303179174822421E-002
          96          29   19.1999958223897      -9.308422677303120E-003
          30          30   21.5999394246502       3.211405823669553E-002
          31          30   2.39999512612129       4.474671544320110E-034
          32          30  -7.19999686679225      -1.096942967216130E-018
          33          30   4.80003759849298       0.000000000000000E+000
          34          30   4.80003759849297       0.000000000000000E+000
          35          30  -4.79995683135995       0.000000000000000E+000
          36          30  -19.1999902522426       0.000000000000000E+000
          37          30   6.78823494611282       1.551311621386833E-018
          38          30  2.053912298316358E-014 -2.686950546614054E-018
          39          30  -4.79995683135989      -1.303179174822425E-002
          40          30   19.1999902522426      -9.308422677303110E-003
          43          30  8.355220656149132E-006 -9.178813424246324E-035
          44          30  2.785073554242573E-006  0.000000000000000E+000
          47          30  -3.39408891756267       5.846033699149757E-019
          48          30 -2.088805164528525E-005  1.653508028685562E-018
          81          30   2.39999895559741      -3.025237370123504E-003
          82          30  -7.20001044402582       6.050474740246999E-003
          89          30 -1.810297809293512E-005 -1.653508028685561E-018
          90          30   4.80003202834584       8.267540143427869E-019
          95          30  -19.1999637940438      -1.117010721276360E-002
          96          30  -19.2000153179046       5.585053606381842E-003
          31          31   7.19998537836385       1.182328474463782E-002
          32          31  -2.39999442985290      -7.120841948475056E-003
          33          31  -4.80000139253675       0.000000000000000E+000
          34          31  1.114029421612606E-005  0.000000000000000E+000
          35          31  -19.1999721492645       0.000000000000000E+000
          36          31 -1.392536777100390E-005  0.000000000000000E+000
          37          31  -3.39409876428463      -4.560177173908775E-003
          38          31   1.95958156121289       5.265639037817292E-003
          39          31   4.80001671044134      -3.029008430001296E-033
          40          31  8.355220659344284E-006 -3.579737235456076E-033
          32          32   7.19998537836385       1.182328474463783E-002
          33          32  -4.80001671044134       0.000000000000000E+000
          34          32  8.355220660031970E-006  0.000000000000000E+000
          35          32  1.392536777005697E-005  0.000000000000000E+000
          36          32   19.1999721492645       0.000000000000000E+000
          37          32  -3.39409679494025      -6.840265760863235E-003
          38          32   1.95958497221743       1.316409759454290E-003
          39          32   4.80000139253676       7.425460085770701E-018
          40          32  1.114029421649671E-005  8.775543737729004E-018
          33          33   153.599598949408       0.238295620538957     
          34          33  -38.4000000000000      -2.978695256736982E-002
          35          33 -5.570147100628974E-005  0.000000000000000E+000
          36          33 -1.559641191634969E-004  0.000000000000000E+000
          37          33   54.3057850403716       0.000000000000000E+000
          38          33  -31.3535505717337       0.000000000000000E+000
          39          33  -76.8001559641189       0.000000000000000E+000
          40          33  5.570147094956759E-005  0.000000000000000E+000
          34          34   153.599598949409       0.238295620538958     
          35          34  -76.8001559641192       0.000000000000000E+000
          36          34 -5.570147097654674E-005  0.000000000000000E+000
          37          34   54.3057850403719       0.000000000000000E+000
          38          34   31.3535505717339       0.000000000000000E+000
          39          34 -5.570147099164507E-005  0.000000000000000E+000
          40          34  1.559641189956322E-004  0.000000000000000E+000
          35          35   153.599598949409       0.000000000000000E+000
          36          35  -38.4000000000001       0.000000000000000E+000
          37          35  -54.3058638141477       0.000000000000000E+000
          38          35  -31.3534141315519       0.000000000000000E+000
          39          35 -1.559641191448454E-004  0.000000000000000E+000
          40          35  5.570147097743475E-005  0.000000000000000E+000
          36          36   153.599598949409       0.000000000000000E+000
          37          36  7.877377590453011E-005  0.000000000000000E+000
          38          36  -62.7069647032860       0.000000000000000E+000
          39          36 -5.570147100974169E-005  0.000000000000000E+000
          40          36   76.8001559641192       0.000000000000000E+000
          37          37   76.7998663164696       0.128981288123322     
          38          37  6.750129290418891E-014  1.575724527387644E-016
          39          37  -54.3058638141474      -1.050118636015700E-017
          40          37 -7.877377574510221E-005 -1.241049297109463E-017
          38          38   76.7998663164696       0.128981288123322     
          39          38   31.3534141315519       1.818858831554124E-017
          40          38  -62.7069647032859       2.149560437291236E-017
          39          39   153.599598949408       0.238295620538958     
          40          39   38.4000000000000       2.978695256736989E-002
          40          40   153.599598949409       0.238295620538958     
          43          43   21.5999644903122       1.182328474463782E-002
          44          43  -7.19998607463226      -7.120841948475053E-003
          47          43  -10.1823415877751       1.152926858965967E-049
          48          43  -23.9999693641909      -3.260969600747763E-049
          79          43 -6.962683979545689E-007  0.000000000000000E+000
          80          43 -3.481341910537800E-007  0.000000000000000E+000
          81          43  -7.19999582238965      -6.884110068184718E-035
          82          43   21.5999968667922      -1.147351678030794E-034
          83          43 -3.133207745296705E-006  2.687110169235960E-004
          84          43 -6.962683920761230E-007 -1.343555084618043E-004
          85          43  1.392536790975043E-006  1.343555084617942E-003
          86          43  6.962683834798020E-007  1.343555084617981E-004
          87          43  1.114029421328388E-005  0.000000000000000E+000
          88          43   4.80000139253675       0.000000000000000E+000
          89          43  -43.1999359433082       3.260969600747762E-049
          90          43 -4.456117692729767E-005 -4.891454401121645E-049
          91          43  1.969344387712420E-006 -2.280088586954441E-003
          92          43  -3.91916653343031      -6.582048797271593E-003
          93          43 -8.355220656502112E-006  0.000000000000000E+000
          94          43   4.80001671044134       0.000000000000000E+000
          95          43   14.3999874671690       7.343050739397046E-034
          96          43   23.9999958223897      -1.835762684849269E-033
          44          44   21.5999624015070       1.182328474463783E-002
          47          44   3.39410270297345       0.000000000000000E+000
          48          44  -4.79997771941157       0.000000000000000E+000
          79          44  6.962683955551133E-007  0.000000000000000E+000
          80          44  3.481341904588232E-007  0.000000000000000E+000
          81          44  -7.19999582238966       0.000000000000000E+000
          82          44  -7.19998955597419       0.000000000000000E+000
          83          44 -6.962683851848606E-007 -1.343555084617964E-004
          84          44 -1.392536787777104E-006 -1.343555084617940E-003
          85          44  6.962683927649919E-007  1.343555084617996E-004
          86          44  3.133207746257445E-006 -2.687110169235960E-004
          87          44  8.355220661453045E-006  0.000000000000000E+000
          88          44   4.80001671044133       0.000000000000000E+000
          89          44  -4.79996657911732       0.000000000000000E+000
          90          44   57.5999331582348       0.000000000000000E+000
          91          44 -1.969344393143193E-006  2.280088586954435E-003
          92          44  -3.91916653343031      -6.582048797271587E-003
          93          44 -1.114029421870014E-005  0.000000000000000E+000
          94          44   4.80000139253675       0.000000000000000E+000
          95          44  -4.80003342088264       0.000000000000000E+000
          96          44   4.80000835522065       0.000000000000000E+000
          47          47   76.7997994747044       5.874440591517656E-033
          48          47   27.1528531332981      -2.076928388969826E-033
          81          47   6.78825759357349      -2.338413479659937E-018
          82          47  -6.78821131398013      -5.846033699149766E-019
          89          47  -27.1529003975635       2.076928388969825E-033
          90          47  -54.3059425879235      -1.038464194484912E-032
          95          47  -54.3058795689030      -2.806096175591912E-017
          96          47  -27.1527979916550      -2.806096175591914E-017
          48          48   153.599732632939       5.874440591517656E-033
          81          48  -4.79999582238976       1.240131021514167E-018
          82          48  -24.0000069626839       2.066885035856959E-018
          89          48 -1.336835307958824E-004 -5.874440591517654E-033
          90          48  6.684176544701295E-005  8.811660887276485E-033
          95          48  -38.3999220179407      -1.322806422948447E-017
          96          48  -153.599910877647       3.307016057371132E-017
          79          79   14.3999644903122       3.444116390602133E-002
          80          79  -4.79998920783996      -1.908226648847127E-002
          81          79   2.39999825932902      -3.025237370123500E-003
          82          79   2.39999442985289      -2.792526803190936E-003
          83          79   2.39999512612128       1.396263401595455E-003
          84          79  -7.19999686679225      -2.559816236258328E-003
          85          79  -7.19999686679225      -2.559816236258332E-003
          86          79   2.39999512612128       1.396263401595453E-003
          87          79  -4.79995683136002      -1.303179174822436E-002
          88          79   19.1999902522425      -9.308422677303122E-003
          89          79   4.80003759849302       0.000000000000000E+000
          90          79   4.80003759849300       0.000000000000000E+000
          91          79   6.78823494611289       0.000000000000000E+000
          92          79 -1.110140272958633E-016  0.000000000000000E+000
          93          79  -4.79995683136000      -1.303179174822431E-002
          94          79  -19.1999902522425       9.308422677303108E-003
          80          80   14.3999686679225       2.978695256736979E-002
          81          80  -7.20001357723356       6.050474740246994E-003
          82          80   2.39999825932904      -3.025237370123497E-003
          83          80   2.39999860746323      -9.308422677303111E-004
          84          80   2.39999825932902       1.163552834662879E-003
          85          80   2.39999825932902       1.163552834662887E-003
          86          80   2.39999860746323      -9.308422677303124E-004
          87          80  -23.9999554388232      -1.117010721276365E-002
          88          80  -19.2000236731252       5.585053606381896E-003
          89          80   4.80001949551487       0.000000000000000E+000
          90          80   4.80001949551485       0.000000000000000E+000
          91          80   6.78823100742404       0.000000000000000E+000
          92          80 -1.232350124300131E-014  0.000000000000000E+000
          93          80  -23.9999554388232      -1.117010721276367E-002
          94          80   19.2000236731252      -5.585053606381868E-003
          81          81   35.9999352470399       3.211405823669554E-002
          82          81  -11.9999784156799      -1.908226648847127E-002
          83          81  -2.39999825932904      -1.163552834662878E-003
          84          81  -2.39999860746320       9.308422677303137E-004
          85          81  3.481341741104233E-007  0.000000000000000E+000
          86          81 -3.481341893961815E-007  0.000000000000000E+000
          87          81   19.2000236731252      -5.585053606381840E-003
          88          81   23.9999554388231       1.117010721276356E-002
          89          81   52.8000334208826      -1.240131021514166E-018
          90          81  -67.1999080925729       4.547147078885312E-018
          91          81  -3.39411550371201       0.000000000000000E+000
          92          81  -5.87878049918646       0.000000000000000E+000
          93          81   4.80001949551487       0.000000000000000E+000
          94          81   4.80001949551482       0.000000000000000E+000
          95          81  -24.0000041776104       9.308422677303148E-003
          96          81   4.79994569106583       1.303179174822427E-002
          82          82   35.9999310694296       3.211405823669555E-002
          83          82   7.19999686679225       2.559816236258323E-003
          84          82  -2.39999512612128      -1.396263401595449E-003
          85          82  6.962684021223647E-007  0.000000000000000E+000
          86          82 -6.962683925714407E-007  0.000000000000000E+000
          87          82  -19.1999902522426       9.308422677303103E-003
          88          82   4.79995683135989       1.303179174822424E-002
          89          82  -43.1999944298528      -2.066885035856959E-018
          90          82  -9.59990252242573       2.893639050199736E-018
          91          82  -3.39411747305642       0.000000000000000E+000
          92          82  -5.87878391019098       0.000000000000000E+000
          93          82   4.80003759849296       0.000000000000000E+000
          94          82   4.80003759849298       0.000000000000000E+000
          95          82   33.6000097477575      -5.585053606381863E-003
          96          82   43.1999526537496       1.117010721276366E-002
          83          83   7.19998537836385       2.066628628807572E-002
          84          83  -2.39999442985288      -1.270589555485688E-002
          85          83 -6.962683889415239E-007 -1.343555084617968E-004
          86          83 -1.392536776140054E-006 -1.343555084617942E-003
          87          83  -19.1999721492645      -7.446738141842418E-003
          88          83  1.392536773259024E-005 -3.723369070921238E-003
          89          83  1.114029420121168E-005  0.000000000000000E+000
          90          83  -4.80000139253677       0.000000000000000E+000
          91          83  -3.39409876428467      -4.560177173908792E-003
          92          83  -1.95958156121290      -5.265639037817321E-003
          93          83   4.80001671044132       0.000000000000000E+000
          94          83 -8.355220654577291E-006  0.000000000000000E+000
          84          84   7.19998537836385       2.066628628807572E-002
          85          84 -3.133207747146384E-006  2.687110169235995E-004
          86          84 -6.962683879673448E-007 -1.343555084617958E-004
          87          84  1.392536776412062E-005 -3.723369070921272E-003
          88          84  -19.1999721492644      -7.446738141842337E-003
          89          84  8.355220697402879E-006  0.000000000000000E+000
          90          84  -4.80001671044143       0.000000000000000E+000
          91          84  -3.39409679494031      -6.840265760863296E-003
          92          84  -1.95958497221747      -1.316409759454262E-003
          93          84   4.80000139253684       0.000000000000000E+000
          94          84 -1.114029420446965E-005  0.000000000000000E+000
          85          85   7.19998537836385       2.066628628807573E-002
          86          85  -2.39999442985289      -1.270589555485688E-002
          87          85   4.80000139253683       0.000000000000000E+000
          88          85  1.114029422546103E-005  0.000000000000000E+000
          89          85  -4.80001671044144       0.000000000000000E+000
          90          85  8.355220717362363E-006  0.000000000000000E+000
          91          85  -3.39409679494030      -6.840265760863289E-003
          92          85   1.95958497221746       1.316409759454260E-003
          93          85  1.392536774680120E-005 -3.723369070921304E-003
          94          85   19.1999721492645       7.446738141842417E-003
          86          86   7.19998537836385       2.066628628807573E-002
          87          86   4.80001671044133       0.000000000000000E+000
          88          86  8.355220645863895E-006  0.000000000000000E+000
          89          86  -4.80000139253677       0.000000000000000E+000
          90          86  1.114029419844515E-005  0.000000000000000E+000
          91          86  -3.39409876428467      -4.560177173908814E-003
          92          86   1.95958156121291       5.265639037817335E-003
          93          86  -19.1999721492645      -7.446738141842392E-003
          94          86 -1.392536774236024E-005  3.723369070921231E-003
          87          87   153.599598949409       0.238295620538958     
          88          87   38.4000000000000       2.978695256736982E-002
          89          87  -76.8001559641192       0.000000000000000E+000
          90          87 -5.570147097654674E-005  0.000000000000000E+000
          91          87  -54.3058638141476       0.000000000000000E+000
          92          87   31.3534141315520       0.000000000000000E+000
          93          87 -1.559641189956322E-004  0.000000000000000E+000
          94          87 -5.570147099164507E-005  0.000000000000000E+000
          88          88   153.599598949408       0.238295620538957     
          89          88  5.570147100717792E-005  0.000000000000000E+000
          90          88  1.559641191634969E-004  0.000000000000000E+000
          91          88 -7.877377571867897E-005  0.000000000000000E+000
          92          88  -62.7069647032856       0.000000000000000E+000
          93          88  5.570147094956759E-005  0.000000000000000E+000
          94          88   76.8001559641189       0.000000000000000E+000
          89          89   307.199197898817       5.874440591517653E-033
          90          89  -115.199866316469      -8.811660887276481E-033
          91          89   54.3057850403719       0.000000000000000E+000
          92          89  -31.3535505717341       0.000000000000000E+000
          93          89 -5.570147097921111E-005  0.000000000000000E+000
          94          89 -1.559641191448454E-004  0.000000000000000E+000
          95          89   38.4001559641190       1.322806422948447E-017
          96          89  1.448238249881280E-004 -3.307016057371131E-017
          90          90   383.999064215287       2.349776236607063E-032
          91          90   54.3057850403718       0.000000000000000E+000
          92          90   31.3535505717340       0.000000000000000E+000
          93          90  -76.8001559641192       0.000000000000000E+000
          94          90 -5.570147100974169E-005  0.000000000000000E+000
          95          90 -1.448238244727614E-004  2.645612845896909E-017
          96          90  1.448238245526985E-004  7.275435326216492E-017
          91          91   76.7998663164697       0.128981288123322     
          92          91 -6.217299920536804E-015  2.385244779468110E-017
          93          91  -54.3058638141476       0.000000000000000E+000
          94          91  7.877377573799691E-005  0.000000000000000E+000
          92          92   76.7998663164695       0.128981288123321     
          93          92  -31.3534141315520       0.000000000000000E+000
          94          92  -62.7069647032857       0.000000000000000E+000
          93          93   153.599598949409       0.238295620538958     
          94          93  -38.4000000000000      -2.978695256736989E-002
          94          94   153.599598949408       0.238295620538958     
          95          95   153.599598949409       0.238295620538958     
          96          95   76.7998663164697       2.978695256736993E-002
          96          96   230.399465265878       0.238295620538958     
