 %%MatrixMarket matrix coordinate complex symmetric
          98          98                   732
           5           5   14.3999582238967       8.843001543437888E-003
           6           5  -4.79998642276644      -5.585053606381826E-003
           7           5  3.481341945049467E-007 -1.405059967180377E-018
           8           5 -5.570147115519747E-006  7.025299835901885E-019
          11           5  -7.19998642276643       1.559929926542722E-033
          12           5   2.39999060037675      -3.275852845739718E-033
          17           5  -3.39410565699003      -7.620228533498053E-049
          18           5 -3.481341941463119E-005 -6.551705691479434E-033
          23           5  -2.39999617052388      -1.053794975385288E-018
          24           5  -2.39999547425547      -1.053794975385286E-018
          41           5  1.740670968493375E-006  2.312329253684413E-034
          42           5 -1.879924647953672E-005 -3.258478765607454E-033
          49           5   13.5764423214041       2.206074058468395E-034
          50           5  -4.80001949551486      -3.431845838393994E-033
          53           5   2.39999825932901       1.163552834662872E-003
          54           5  -7.19999686679225      -2.559816236258327E-003
          59           5  3.481341927573378E-007 -1.653508028685566E-018
          60           5  6.962683866528946E-007 -5.507288054547794E-034
          63           5   4.80000139253678       4.133770071713923E-019
          64           5  1.114029420390125E-005  4.814824860968090E-034
          69           5   2.39999860746321      -9.308422677303135E-004
          70           5   2.39999512612129       1.396263401595452E-003
          71           5   2.39999651865805      -7.025299835901867E-019
          72           5   2.39999825932903      -2.484480615051849E-019
          73           5  -6.78817685045317      -2.923016849574889E-019
          74           5  -15.6767190042919      -1.687604564947953E-019
          75           5   4.80001671044132       3.720393064542519E-018
          76           5  8.355220666350248E-006  6.614032114742266E-018
          77           5  1.392536779767232E-005 -3.723369070921198E-003
          78           5  -19.1999721492644      -7.446738141842383E-003
          97           5 -3.759849292344627E-005  1.686071960616452E-017
          98           5   4.80005013132398      -1.372225085375906E-033
           6           6   14.3999603127019       8.843001543437893E-003
           7           6 -2.088805164390924E-005  2.138647861018588E-018
           8           6  3.481341940390830E-006 -1.523828929452739E-018
          11           6   2.39999686679226      -2.712408168754965E-033
          12           6   2.39999999999999       5.818503419695197E-033
          17           6   10.1823524191693       1.288754943691569E-048
          18           6   19.1999665791173       1.163700683939039E-032
          23           6  -2.39999651865805       1.968523702503893E-018
          24           6  -2.39999617052387       1.562176118082074E-018
          41           6 -4.873878715079015E-006 -3.046066033819948E-034
          42           6  1.740670969652171E-006  5.751127525774284E-033
          49           6 -3.840221568861590E-005 -5.567576109574908E-034
          50           6  -4.80001671044130       6.212190501880466E-033
          53           6   2.39999860746322      -9.308422677303075E-004
          54           6   2.39999512612129       1.396263401595447E-003
          59           6 -3.481341917957521E-007  8.267540143427797E-019
          60           6 -6.962683867535371E-007  4.589406712123169E-035
          63           6   4.80001671044131       8.267540143427784E-019
          64           6  8.355220662000559E-006  4.133770071713886E-019
          69           6   2.39999825932902       1.163552834662878E-003
          70           6  -7.19999686679225      -2.559816236258334E-003
          71           6   2.39999199291354       1.053271459002081E-018
          72           6  -7.20000104440258      -2.106542918004173E-018
          73           6  -6.78818571250296      -5.846033699149823E-019
          74           6  3.752105003784756E-005  1.172470797050264E-032
          75           6   4.80000139253677      -8.267540143427789E-019
          76           6  1.114029419744423E-005 -2.893639050199730E-018
          77           6  -19.1999721492644      -7.446738141842376E-003
          78           6  1.392536780053574E-005 -3.723369070921189E-003
          97           6   19.2000055701471      -2.784691045720380E-017
          98           6   4.80003202834581       6.501561350749012E-018
           7           7   14.3999540462864       1.722058195301065E-002
           8           7  -4.79998677090059      -9.541133244235629E-003
          11           7  -2.39999582238967      -1.240131021514176E-018
          12           7  -2.40000000000002       2.945311176096168E-018
          17           7  -16.9705213922449       5.048347383335508E-034
          18           7  -14.4000250656620       5.890622352192334E-018
          23           7  -2.40000139253674       3.025237370123498E-003
          24           7  -2.39999234104775       2.792526803190929E-003
          41           7   2.39999617052387      -5.065431276759656E-019
          42           7   2.39999547425547       2.645190988694554E-018
          49           7  -6.78827827168953      -6.576787911543508E-019
          50           7 -2.506566199633360E-005  3.410360309163982E-018
          71           7   4.79998851157162       1.396263401595450E-003
          72           7  -14.3999916447793      -2.559816236258330E-003
          73           7  -10.1823071242482       1.033442517928437E-019
          74           7   13.7171613201108       5.846516482654343E-018
          97           7   24.0000027850735      -9.308422677303111E-003
          98           7  7.241191225636531E-005 -1.303179174822428E-002
           8           8   14.3999561350915       1.489347628368488E-002
          11           8  -2.39999060037676       6.200655107570881E-019
          12           8   7.20000313320775      -1.395147399203444E-018
          17           8  -3.39404953067485      -2.753644027273920E-034
          18           8   4.80002785073555      -2.790294798406887E-018
          23           8   7.20002611006454      -6.050474740247000E-003
          24           8  -2.40000139253676       3.025237370123493E-003
          41           8   2.39999651865805      -2.012334351054641E-019
          42           8   2.39999617052388      -1.322595494347276E-018
          49           8  -6.78826547095105       2.192262637181117E-019
          50           8   19.2000181029781      -1.550163776892712E-018
          71           8   4.79999791119481      -9.308422677303027E-004
          72           8   4.79999791119480       1.163552834662866E-003
          73           8   3.39417163002732       1.343475273307025E-018
          74           8   5.87877538267974      -2.859973070141624E-018
          97           8  -33.6000334208825       5.585053606381908E-003
          98           8  -38.3999415134554      -1.117010721276364E-002
          11          11   28.7999456910657       1.493860787098361E-032
          12          11  -9.59997702314315      -4.424930490288779E-032
          17          11   16.9705273002780      -6.725749801542270E-049
          18          11   4.79999582238970      -5.782652457275208E-033
          23          11   4.79998120075352      -9.300982661356121E-019
          24          11   4.79999164477934      -9.300982661356380E-019
          29          11   2.39999060037676       2.417811263143196E-032
          30          11   2.39999582238967      -5.394856686717425E-033
          31          11 -1.044402592053382E-006 -1.691413308303264E-019
          32          11  1.044402586626710E-006 -2.454630198921125E-019
          35          11   4.80002924327233      -3.058739762406365E-032
          36          11   4.80002924327230      -1.340416840248619E-032
          41          11   4.79999373358452       8.462130034003437E-019
          42          11  -14.3999728455329       1.865498620520587E-018
          43          11   2.39999686679226       7.119245998497368E-018
          44          11  -7.19998642276643      -1.097465364624281E-018
          45          11   3.39410073362907      -1.383944890127785E-017
          46          11   5.87875491665232      -3.255926060339326E-017
          47          11  -16.9705273002781       8.570174576523650E-033
          48          11  -4.79999582238969       8.248072950881387E-032
          49          11  -33.9410546005561       1.315742238456337E-032
          50          11   9.59999164477940      -1.007338883911644E-031
          71          11  1.044402588666962E-006 -6.200655107570873E-019
          72          11 -1.044402592393707E-006  1.240131021514181E-018
          73          11   6.78820146725810       1.376822013636952E-033
          74          11  2.651115569914468E-014 -6.181790334556175E-033
          97          11   4.80002924327231       1.488157225817011E-017
          98          11  -4.80002924327230      -4.104638193975296E-033
          12          12   28.7999540462864       2.067199038829923E-031
          17          12   3.39409187157940       1.253435190287424E-048
          18          12   23.9999582238968       1.321749133091478E-032
          23          12  -14.4000062664155       1.860196532271167E-018
          24          12   4.80000000000003       1.705180154582011E-018
          29          12  -7.20000313320774      -8.277435719645161E-032
          30          12   2.40000000000001      -5.102134262842812E-033
          31          12  2.831428998852837E-014 -1.140056317333318E-018
          32          12 -1.421693891558293E-014  2.334046074279791E-018
          35          12   4.79999582238967       1.258851144364726E-031
          36          12   4.79999582238973       1.195270232423367E-031
          41          12   4.79999999999998      -1.080240153703667E-017
          42          12   4.79998120075350      -3.002467480950853E-018
          43          12   2.40000000000000      -7.342424274033499E-021
          44          12   2.39999060037674      -1.935708657802348E-017
          45          12   3.39410959567886       6.871188619591206E-017
          46          12   5.87877026617291       1.372582737666547E-016
          47          12  -3.39409187157933      -5.936216839628002E-032
          48          12  -23.9999582238968      -3.079572604775707E-031
          49          12  -6.78818374315866      -5.943637083060372E-032
          50          12   47.9999164477936       4.601791166918287E-031
          71          12 -2.282103139503978E-014  1.550163776892720E-018
          72          12  2.343893544985224E-014 -4.340458575299626E-018
          73          12   6.78821919135780      -2.478279624546516E-033
          74          12 -5.480199769084454E-014  1.342018618457341E-032
          97          12   4.79999582238972      -2.480262043028354E-017
          98          12  -4.79999582238972       2.480262043028352E-018
          17          17   115.199643510586       3.756168665853607E-064
          18          17   54.3057377761064       2.506870380574848E-048
          23          17  -6.78826547095108       4.818877047729348E-034
          24          17  -6.78827827168952       5.277817718941665E-034
          41          17  3.840221571059831E-005 -1.458428898124630E-049
          42          17  -13.5764423214041       1.434597833504033E-048
          49          17   38.4002116655901       1.297042716336709E-049
          50          17   27.1528925201860       1.161720420266395E-048
          71          17   6.78823396144064       2.294703356061585E-034
          72          17   6.78821032930789      -9.178813424246637E-035
          73          17   38.3998161851456      -7.948613401822677E-049
          74          17  -88.6809531086379       2.889992710330895E-048
          97          17   27.1530421903601      -9.178813424246347E-033
          98          17  -27.1530421903598      -7.343050739397049E-034
          18          18   153.599688071762       2.643498266182954E-032
          23          18  -19.2000181029781       3.720393064542553E-018
          24          18  2.506566199100448E-005  3.410360309163996E-018
          41          18  -4.80001671044131      -6.973513093642448E-034
          42          18  -4.80001949551490       1.233435814875464E-032
          49          18  -27.1528925201859      -2.336544437591064E-033
          50          18 -1.559641185915102E-004  1.486967774727914E-032
          71          18  -4.80001253283101       3.100327553785438E-018
          72          18  -4.79999999999994      -8.680917150599250E-018
          73          18   54.3058480593926      -4.956559249093032E-033
          74          18  5.457607268638485E-005  2.684037236914682E-032
          97          18   115.199933158235      -4.960524086056706E-017
          98          18   38.4000668417651       4.960524086056708E-018
          23          23   28.7999122701831       1.489347628368490E-002
          24          23  -9.59997354180122      -9.541133244235632E-003
          29          23  -7.20002611006456      -7.472253062026584E-032
          30          23   2.40000139253675       7.950560900100757E-032
          31          23  -4.79999791119482       7.479144707463198E-018
          32          23  -4.79999791119481       9.201969152511151E-018
          35          23   33.6000334208826       2.443713561238928E-031
          36          23  -38.3999415134554      -3.926831233239636E-031
          41          23 -6.962683875497438E-006  1.094059152419278E-017
          42          23  1.114029424188600E-005  7.634610667022701E-018
          43          23  -2.39999651865806      -2.609540243640385E-018
          44          23  -2.39999617052388       3.313590432908104E-018
          45          23  -6.78825463955695      -1.520702402541404E-016
          46          23 -5.116506822331080E-005 -2.812201661610642E-017
          47          23   6.78826547095110       5.865703661461046E-032
          48          23   19.2000181029781       7.365714982794829E-032
          49          23  -6.78809906134975      -3.665756391340906E-032
          50          23  -9.60005570147112       1.860196532270941E-018
          71          23   4.79999791119482       1.163552834662881E-003
          72          23   4.79999791119479      -9.308422677303183E-004
          73          23  -3.39417163002733      -1.446819525099879E-018
          74          23   5.87877538267978       4.100104091655824E-018
          97          23  -38.3999415134553      -1.117010721276368E-002
          98          23  -33.6000334208826       5.585053606381922E-003
          24          24   28.7999080925728       1.722058195301066E-002
          29          24   2.40000139253675       4.337473261246827E-032
          30          24   2.39999234104775      -2.879862614130727E-032
          31          24   14.3999916447793       1.203515719435123E-018
          32          24  -4.79998851157162      -4.601335488104367E-018
          35          24  -24.0000027850735      -1.238512631574749E-031
          36          24  7.241191229810958E-005  1.361093759386828E-031
          41          24  4.177610328639623E-005 -3.964856297743231E-018
          42          24 -6.962684020749660E-007  2.426071380738024E-018
          43          24  -2.39999617052387      -8.705763716640854E-019
          44          24  -2.39999547425547       1.256928059321712E-018
          45          24  -6.78825660890114       4.964251299634897E-017
          46          24   15.6767172987896      -1.473742656495920E-017
          47          24   6.78827827168951      -1.244032744645055E-032
          48          24 -2.506566201520732E-005  2.541682709306879E-032
          49          24  -33.9410427844897       2.192262637181434E-019
          50          24   28.8000501313240       1.550163776892787E-018
          71          24  -14.3999916447793      -2.559816236258327E-003
          72          24   4.79998851157161       1.396263401595445E-003
          73          24   10.1823071242482      -5.167212589642397E-019
          74          24   13.7171613201108       3.973533749284723E-018
          97          24  7.241191229144838E-005 -1.303179174822429E-002
          98          24   24.0000027850735      -9.308422677303078E-003
          29          29   14.3999561350915       1.685890904210943E-031
          30          29  -4.79998677090060      -8.817772358332725E-032
          31          29   4.79999791119480       9.003421968402653E-019
          32          29   4.79999791119482      -9.753496137211292E-018
          35          29  -38.3999415134553      -3.548157224243592E-031
          36          29   33.6000334208826       2.824549051096857E-031
          41          29  -2.39999651865805      -5.595380399307584E-018
          42          29  -2.39999617052388       1.699057495729604E-018
          43          29 -3.481341936163726E-006  1.433039043152441E-017
          44          29  5.570147119727001E-006  9.381791561188112E-018
          45          29   3.39408300952965       8.072617046668044E-017
          46          29  -5.87882654774798      -1.116134191851577E-016
          47          29  -3.39404953067492      -9.158017493163767E-033
          48          29   4.80002785073554       2.562626713190568E-031
          49          29   6.78826547095109       9.075684739634627E-032
          50          29  -19.2000181029781      -1.059935655315465E-031
          30          30   14.3999540462864       6.978366842325267E-032
          31          30   4.79998851157162       3.047224024155679E-018
          32          30  -14.3999916447793      -1.538009693343555E-018
          35          30  7.241191226657934E-005  1.819618343859427E-031
          36          30  -24.0000027850735      -2.306790865317167E-031
          41          30  -2.39999617052387       6.046718591898370E-018
          42          30  -2.39999547425547       3.291231537636509E-018
          43          30  2.088805163635483E-005 -1.316855590902296E-017
          44          30 -3.481342000580700E-007 -1.525443523732363E-018
          45          30   16.9705637331493      -7.291712441747673E-017
          46          30   1.95955597867881       2.880756065763923E-017
          47          30  -16.9705213922448       2.902641241840630E-032
          48          30  -14.4000250656620      -7.610988942251472E-032
          49          30   6.78827827168947      -3.926097038071121E-032
          50          30  2.506566197856992E-005 -7.146958231137350E-032
          31          31   21.5999749343380       1.182328474463783E-002
          32          31  -7.19998851157161      -7.120841948475057E-003
          35          31  -43.1999498686760       2.284359082135597E-017
          36          31   4.79998746716891      -2.608635554119091E-017
          41          31  -7.19999791119483       2.687110169235936E-004
          42          31   2.39999895559742      -1.343555084617974E-004
          43          31  -2.39999268918193       1.343555084618007E-004
          44          31  -2.39999791119482       1.343555084617941E-003
          45          31  -6.78821032930787      -6.840265760863244E-003
          46          31   19.5958923597313       1.316409759454264E-003
          47          31   6.78823396144063       6.261800140574790E-019
          48          31  -4.80001253283102      -3.089773072974333E-018
          49          31  -6.78821032930790      -2.302996482121961E-018
          50          31  -4.79999999999994      -3.772782120223226E-018
          32          32   21.5999749343380       1.182328474463783E-002
          35          32  -4.79998746716892       1.723966155206127E-017
          36          32   43.1999498686760      -5.661063611001974E-018
          41          32   2.39999268918193      -1.343555084618008E-004
          42          32   2.39999791119484      -1.343555084617940E-003
          43          32   7.19999791119484      -2.687110169235930E-004
          44          32  -2.39999895559742       1.343555084618013E-004
          45          32  -20.3646457580067      -4.560177173908790E-003
          46          32  -3.91918358845310       5.265639037817318E-003
          47          32   6.78821032930789      -5.980465064763915E-019
          48          32  -4.79999999999996      -9.107413259619131E-018
          49          32  -6.78823396144063      -3.866818243456477E-018
          50          32  -4.80001253283100      -1.189039034012198E-019
          35          35   230.399420704701       9.718626551867398E-031
          36          35  -115.199977719411      -7.872340038240441E-031
          41          35   19.2000055701471       5.777252650963961E-018
          42          35 -3.759849294187598E-005  1.897772017606575E-019
          43          35  -4.80003202834583      -8.190556901247618E-018
          44          35  -4.80005013132399      -8.224100146547158E-018
          45          35   27.1528925201856      -2.533315343691101E-016
          46          35   15.6769663021219       2.422599076694094E-016
          47          35  -27.1530421903598       2.144287960587348E-032
          48          35   38.4000668417651      -5.126273329520894E-031
          49          35  -27.1530421903601      -2.179102865207023E-031
          50          35   115.199933158235       1.178261718460772E-031
          36          36   230.399420704701       9.999822787313564E-031
          41          36  -4.80003202834581      -1.938475542545122E-017
          42          36  -4.80005013132396      -1.092449754804138E-017
          43          36   19.2000055701471       2.339155096768398E-017
          44          36 -3.759849294431832E-005 -8.314673808778509E-018
          45          36  2.048118174077785E-004  3.469602907191147E-016
          46          36   31.3535778597702      -6.271044278303356E-017
          47          36  -27.1530421903602      -1.168927198654780E-031
          48          36  -115.199933158235       1.338250966016108E-031
          49          36  -27.1530421903597       1.407579538977373E-031
          50          36  -38.4000668417650       4.881157628095989E-031
          41          41   28.7999206254037       2.364656948927565E-002
          42          41  -9.59997284553289      -1.424168389695011E-002
          43          41 -3.481341939945539E-006 -1.343555084617940E-003
          44          41  2.436939355048416E-006 -1.343555084618012E-004
          45          41  3.643287130542446E-005 -6.840265760863234E-003
          46          41  -3.91917506094170      -1.316409759454270E-003
          47          41 -3.840221570526923E-005  3.876991360193308E-018
          48          41   4.80001671044130       2.291625860871101E-018
          49          41  -20.3647048383385      -4.931710621310663E-018
          50          41   38.3999331582347      -2.049915821784488E-017
          51          41 -6.962683991781582E-007 -7.307542123937311E-019
          52          41 -3.481341906716957E-007  5.846033699149832E-019
          53          41   4.79999721492644      -6.884110068184758E-035
          54          41   4.79999025224258      -8.031461746215560E-035
          55          41 -6.962683822949389E-007 -1.343555084617945E-004
          56          41 -1.392536787603562E-006 -1.343555084617939E-003
          57          41 -6.962683911382083E-007 -1.343555084617973E-004
          58          41 -3.133207747721310E-006  2.687110169235950E-004
          59          41  -4.79999651865805       1.607659267266204E-018
          60          41   14.3999937335845      -5.846033699149824E-019
          61          41   4.80001671044134       0.000000000000000E+000
          62          41 -8.355220664381443E-006  0.000000000000000E+000
          63          41  -38.3999442985290      -1.630484800373884E-049
          64          41  2.785073557189437E-005 -1.019053000233676E-049
          65          41  -3.39409876428465      -4.560177173908810E-003
          66          41  -1.95958156121288      -5.265639037817313E-003
          67          41  1.114029421310199E-005  1.753810109744946E-018
          68          41  -4.80000139253676       5.261430329234834E-018
          69          41  3.481341943286368E-007  3.442055034092444E-035
          70          41  6.962683888672746E-007 -5.736758390154019E-035
          71          41   7.20000104440258      -2.693240353451929E-019
          72          41  -2.39999199291354      -8.141744006669846E-020
          73          41  -6.78818571250295      -1.208170298498581E-034
          74          41 -3.752105004761752E-005 -9.073036821184640E-034
          75          41 -1.114029421236601E-005  2.038106000467309E-050
          76          41  -4.80000139253677       2.649537800607557E-049
          77          41   4.80001671044131       1.468610147879414E-033
          78          41  8.355220651644880E-006  1.835762684849260E-034
          97          41  -4.80003202834581       3.895381407130805E-018
          98          41  -19.2000055701471       6.501561350749007E-018
          42          42   28.7999164477934       2.364656948927565E-002
          43          42  2.436939362192274E-006 -1.343555084618001E-004
          44          42 -1.566603873058849E-005  2.687110169235958E-004
          45          42  -13.5764265666490      -4.560177173908820E-003
          46          42   3.91920746548493      -5.265639037817346E-003
          47          42   13.5764423214041       2.137287702794711E-018
          48          42   4.80001949551486       1.298003469386450E-017
          49          42   6.78821131398012       6.491692391493357E-018
          50          42 -6.962683888255313E-005 -1.326341447756063E-017
          51          42  6.962683971175207E-007  3.652499422619061E-034
          52          42  3.481341908710827E-007 -2.921999538095242E-034
          53          42   4.79999651865805       3.442055034092403E-035
          54          42  -14.3999937335845      -6.884110068184778E-035
          55          42 -3.133207744651160E-006  2.687110169235923E-004
          56          42 -6.962683919252899E-007 -1.343555084617999E-004
          57          42 -1.392536790978234E-006 -1.343555084617945E-003
          58          42 -6.962683838626339E-007 -1.343555084617989E-004
          59          42  -4.79999721492644      -8.035498729761914E-034
          60          42  -4.79999025224257       2.921999538095237E-034
          61          42   4.80000139253675       0.000000000000000E+000
          62          42 -1.114029421470496E-005  0.000000000000000E+000
          63          42  2.785073556887514E-005  5.934729841099874E-067
          64          42  -38.3999442985289       3.057159000701030E-050
          65          42  -3.39409679494024      -6.840265760863220E-003
          66          42  -1.95958497221742      -1.316409759454282E-003
          67          42  8.355220662186466E-006 -8.765998614285709E-034
          68          42  -4.80001671044133      -2.629799584285710E-033
          69          42 -3.481341916473287E-007 -5.163082551138580E-035
          70          42 -6.962683884930574E-007 -5.163082551138579E-035
          71          42  -2.39999825932903       1.322595494347275E-018
          72          42  -2.39999651865805      -2.645190988694562E-018
          73          42  -6.78817685045319      -2.936751940179673E-033
          74          42   15.6767190042919       1.318571651163245E-032
          75          42 -8.355220661185823E-006  1.023740897589728E-064
          76          42  -4.80001671044131       3.057159000701057E-050
          77          42   4.80000139253677      -6.548273539725879E-049
          78          42  1.114029420156095E-005  8.260932081821711E-034
          97          42  -4.80005013132400      -3.174229186433463E-017
          98          42  3.759849293321625E-005  8.450017630998997E-033
          43          43   7.19997493433803       1.182328474463782E-002
          44          43  -2.39999199291355      -7.120841948475055E-003
          45          43  -3.39412338108961       2.280088586954430E-003
          46          43  -1.95955597867877      -6.582048797271619E-003
          47          43  -10.1823524191693      -7.140837187871825E-018
          48          43  -19.1999665791173       3.049819092683397E-017
          49          43 -3.840221570771179E-005  2.278579689774226E-018
          50          43  -4.80001671044131      -2.770748854313867E-018
          44          44   7.19997284553286       1.182328474463782E-002
          45          44   10.1823465111361      -2.280088586954443E-003
          46          44  -9.79792656658949      -6.582048797271583E-003
          47          44   3.39410565699006       5.398737248936840E-018
          48          44  3.481341944416308E-005  6.029937246832871E-018
          49          44   13.5764423214041       5.848680297030389E-018
          50          44  -4.80001949551488      -2.450738889290834E-017
          45          45   115.199777194116       0.128981288123322     
          46          45  -22.1702889279928       8.153200337090993E-017
          47          45  -95.9998663164698      -4.461576678712410E-017
          48          45  -27.1528767654308      -1.003338460541264E-017
          49          45   57.6000501313241       3.993524525070818E-017
          50          45   27.1529712939618       2.326018254215029E-016
          46          46   89.5997326329392       0.128981288123322     
          47          46   11.0852602373299      -3.050134701753672E-017
          48          46  -47.0302712815282      -2.904753481700640E-016
          49          46  -77.5956928713079      -7.550326218232337E-017
          50          46   47.0302167054555       3.003489390830343E-016
          47          47   115.199643510586       3.021475930655867E-032
          48          47   54.3057377761063       6.033859904464309E-032
          49          47  -38.4002116655901       4.780412972518318E-033
          50          47  -27.1528925201860      -1.590063500443989E-031
          48          48   153.599688071762       6.796945306299268E-031
          49          48   27.1528925201860       1.660057658023233E-031
          50          48  1.559641186217083E-004 -6.828019433047793E-031
          49          49   230.399287021171       6.266354941256821E-032
          50          49  -108.611475552213      -1.035473318334627E-031
          71          49   6.78821032930791      -4.384525274362375E-019
          72          49   6.78823396144063       2.630715164617421E-018
          73          49  -38.3998161851457      -3.894240729318415E-034
          74          49  -88.6809531086378      -1.494265850043240E-033
          97          49  -27.1530421903598      -7.015240438979771E-018
          98          49   27.1530421903601      -3.507620219489890E-018
          50          50   307.199376143525       1.143607969490371E-030
          71          50   4.79999999999995       1.860196532271265E-018
          72          50   4.80001253283099      -6.200655107570890E-018
          73          50   54.3058480593926      -2.202915221819130E-033
          74          50 -5.457607282660574E-005  1.447679170003448E-032
          97          50  -38.4000668417650      -1.984209634422688E-017
          98          50  -115.199933158235       4.960524086056700E-018
          51          51   14.3999644903122       3.444116390602133E-002
          52          51  -4.79998920783996      -1.908226648847127E-002
          53          51   2.39999825932901      -3.025237370123500E-003
          54          51   2.39999442985289      -2.792526803190936E-003
          55          51  -2.39999512612128      -1.396263401595455E-003
          56          51   7.19999686679225       2.559816236258327E-003
          57          51  -7.19999686679225      -2.559816236258334E-003
          58          51   2.39999512612128       1.396263401595454E-003
          59          51   2.39999825932902      -3.025237370123514E-003
          60          51   2.39999442985288      -2.792526803190920E-003
          61          51  -19.1999902522425       9.308422677303122E-003
          62          51  -4.79995683136002      -1.303179174822436E-002
          63          51   4.80003759849304       0.000000000000000E+000
          64          51  -4.80003759849301       0.000000000000000E+000
          65          51  -3.39411747305646       2.066885035856967E-018
          66          51   5.87878391019106      -1.405213083350755E-033
          67          51  -4.79995683136001      -1.303179174822431E-002
          68          51  -19.1999902522425       9.308422677303108E-003
          52          52   14.3999686679225       2.978695256736979E-002
          53          52  -7.20001357723356       6.050474740246994E-003
          54          52   2.39999825932904      -3.025237370123497E-003
          55          52  -2.39999860746323       9.308422677303111E-004
          56          52  -2.39999825932902      -1.163552834662878E-003
          57          52   2.39999825932902       1.163552834662888E-003
          58          52   2.39999860746323      -9.308422677303135E-004
          59          52  -7.20001357723357       6.050474740246998E-003
          60          52   2.39999825932904      -3.025237370123504E-003
          61          52   19.2000236731252      -5.585053606381896E-003
          62          52  -23.9999554388232      -1.117010721276365E-002
          63          52   4.80001949551485       0.000000000000000E+000
          64          52  -4.80001949551487       0.000000000000000E+000
          65          52  -3.39411550371201      -1.653508028685570E-018
          66          52   5.87878049918646       1.124170466680601E-033
          67          52  -23.9999554388232      -1.117010721276367E-002
          68          52   19.2000236731252      -5.585053606381868E-003
          53          53   28.7999373358451       2.978695256736978E-002
          54          53  -9.59997841567995      -1.908226648847127E-002
          55          53   2.39999825932904       1.163552834662878E-003
          56          53   2.39999860746319      -9.308422677303137E-004
          57          53  3.481341745055687E-007  0.000000000000000E+000
          58          53 -3.481341892594408E-007  0.000000000000000E+000
          59          53  -14.4000271544671       7.234097625499387E-019
          60          53   4.79999651865806       1.835762684849297E-034
          61          53  -23.9999554388231      -1.117010721276356E-002
          62          53   19.2000236731252      -5.585053606381840E-003
          63          53  -47.9999108776464       1.240131021514176E-018
          64          53  -38.4000473462504       1.033442517928481E-018
          65          53   6.78823100742405       0.000000000000000E+000
          66          53  8.439088281388149E-015  0.000000000000000E+000
          67          53   4.80001949551487       0.000000000000000E+000
          68          53   4.80001949551482       0.000000000000000E+000
          69          53   7.20001357723357      -6.050474740247004E-003
          70          53  -2.39999825932902       3.025237370123497E-003
          71          53  3.481341932034697E-007 -1.950497852652364E-034
          72          53 -3.481341945359450E-007  2.066885035856978E-019
          73          53   6.78823100742417      -8.769050548724739E-019
          74          53  6.328252977926642E-015  3.375209129895790E-019
          75          53  -4.80001949551496      -2.066885035857008E-019
          76          53   4.80001949551496      -1.860196532271274E-018
          77          53  -23.9999554388232      -1.117010721276366E-002
          78          53  -19.2000236731252       5.585053606381920E-003
          54          54   28.7999289806244       3.444116390602130E-002
          55          54  -7.19999686679225      -2.559816236258323E-003
          56          54   2.39999512612128       1.396263401595449E-003
          57          54  6.962684020367357E-007  0.000000000000000E+000
          58          54 -6.962683921275484E-007  0.000000000000000E+000
          59          54   4.79999651865806       1.343475273307020E-018
          60          54   4.79998885970580      -2.378760591982054E-048
          61          54  -4.79995683135989      -1.303179174822424E-002
          62          54  -19.1999902522426       9.308422677303103E-003
          63          54  -9.59991366271992       1.446819525099874E-018
          64          54   38.3999805044851       6.200655107570856E-019
          65          54   6.78823494611282       0.000000000000000E+000
          66          54 -2.098870197780790E-014  0.000000000000000E+000
          67          54   4.80003759849296       0.000000000000000E+000
          68          54   4.80003759849298       0.000000000000000E+000
          69          54  -2.39999825932902       3.025237370123494E-003
          70          54  -2.39999442985290       2.792526803190931E-003
          71          54  6.962683876500880E-007 -7.228315571593986E-034
          72          54 -6.962683874574669E-007  1.033442517928477E-018
          73          54   6.78823494611281      -1.023055897351221E-018
          74          54  6.439266529638215E-015 -8.438022824739708E-020
          75          54  -4.80003759849295      -1.240131021514163E-018
          76          54   4.80003759849294      -4.753835582470994E-018
          77          54  -4.79995683135996      -1.303179174822427E-002
          78          54   19.1999902522425      -9.308422677303111E-003
          55          55   7.19998537836385       2.066628628807572E-002
          56          55  -2.39999442985289      -1.270589555485688E-002
          57          55  6.962683886750666E-007  1.343555084617980E-004
          58          55  1.392536775723720E-006  1.343555084617942E-003
          59          55  3.481341860670494E-007  1.009669476667101E-033
          60          55  6.962683935176258E-007 -3.671525369698543E-034
          61          55  1.392536773503274E-005 -3.723369070921238E-003
          62          55   19.1999721492645       7.446738141842418E-003
          63          55   4.80000139253675       0.000000000000000E+000
          64          55  1.114029418790492E-005  0.000000000000000E+000
          65          55  -3.39409679494027      -6.840265760863254E-003
          66          55   1.95958497221744       1.316409759454275E-003
          67          55  -4.80001671044131       1.101457610909562E-033
          68          55  8.355220653189538E-006  3.304372832728682E-033
          56          56   7.19998537836385       2.066628628807573E-002
          57          56  3.133207746991200E-006 -2.687110169235987E-004
          58          56  6.962683876622836E-007  1.343555084617957E-004
          59          56 -3.481341749524159E-007  1.607659267266204E-018
          60          56 -6.962683998524835E-007 -5.846033699149826E-019
          61          56  -19.1999721492644      -7.446738141842337E-003
          62          56 -1.392536776623058E-005  3.723369070921272E-003
          63          56   4.80001671044145       0.000000000000000E+000
          64          56  8.355220701000160E-006  0.000000000000000E+000
          65          56  -3.39409876428474      -4.560177173908856E-003
          66          56   1.95958156121292       5.265639037817378E-003
          67          56  -4.80000139253685       1.753810109744947E-018
          68          56  1.114029418605928E-005  5.261430329234835E-018
          57          57   7.19998537836385       2.066628628807573E-002
          58          57  -2.39999442985289      -1.270589555485688E-002
          59          57  -2.39999860746320       9.308422677303290E-004
          60          57  -2.39999512612128      -1.396263401595457E-003
          61          57 -1.114029422059581E-005  0.000000000000000E+000
          62          57   4.80000139253683       0.000000000000000E+000
          63          57  8.355220712764046E-006  0.000000000000000E+000
          64          57   4.80001671044143       0.000000000000000E+000
          65          57 -1.969344395469003E-006  2.280088586954474E-003
          66          57  -3.91916653343037      -6.582048797271638E-003
          67          57  1.392536774902165E-005 -3.723369070921302E-003
          68          57   19.1999721492645       7.446738141842424E-003
          58          58   7.19998537836385       2.066628628807573E-002
          59          58  -2.39999825932904      -1.163552834662889E-003
          60          58   7.19999686679225       2.559816236258331E-003
          61          58 -8.355220647407006E-006  0.000000000000000E+000
          62          58   4.80001671044133       0.000000000000000E+000
          63          58  1.114029419844663E-005  0.000000000000000E+000
          64          58   4.80000139253678       0.000000000000000E+000
          65          58  1.969344391488955E-006 -2.280088586954447E-003
          66          58  -3.91916653343036      -6.582048797271622E-003
          67          58  -19.1999721492645      -7.446738141842395E-003
          68          58 -1.392536773791933E-005  3.723369070921226E-003
          59          59   28.7999373358451       2.978695256736977E-002
          60          59  -9.59997841567995      -1.908226648847126E-002
          61          59   4.80001949551483       0.000000000000000E+000
          62          59   4.80001949551488       0.000000000000000E+000
          63          59   38.4000473462504       1.652186416364343E-033
          64          59   47.9999108776464       1.285033879394487E-033
          65          59  -3.39411550371204      -4.547147078885318E-018
          66          59  -5.87878049918647       3.091468783371653E-033
          67          59   19.2000236731252      -5.585053606381813E-003
          68          59  -23.9999554388231      -1.117010721276358E-002
          69          59   7.20001357723356      -6.050474740247004E-003
          70          59  -2.39999825932903       3.025237370123495E-003
          71          59   2.39999825932902       1.163552834662872E-003
          72          59   2.39999860746322      -9.308422677303061E-004
          73          59  -3.39411550371210      -1.168272218795527E-033
          74          59   5.87878049918653       3.747234888935311E-034
          75          59  -19.2000236731251       5.585053606381936E-003
          76          59  -23.9999554388232      -1.117010721276365E-002
          77          59   4.80001949551496      -1.488157225817009E-017
          78          59  -4.80001949551493       4.960524086056694E-018
          60          60   28.7999289806244       3.444116390602131E-002
          61          60   4.80003759849298       0.000000000000000E+000
          62          60   4.80003759849297       0.000000000000000E+000
          63          60  -38.3999805044852       8.152424001869377E-050
          64          60   9.59991366271990       2.853348400654291E-049
          65          60  -3.39411747305640       1.653508028685568E-018
          66          60  -5.87878391019101      -1.124170466680600E-033
          67          60  -19.1999902522426       9.308422677303110E-003
          68          60  -4.79995683135989      -1.303179174822425E-002
          69          60  -2.39999825932902       3.025237370123495E-003
          70          60  -2.39999442985290       2.792526803190938E-003
          71          60  -7.19999686679225      -2.559816236258332E-003
          72          60   2.39999512612129       1.396263401595446E-003
          73          60  -3.39411747305641      -5.764634294829810E-050
          74          60   5.87878391019098       1.996927897139850E-049
          75          60   19.1999902522426      -9.308422677303155E-003
          76          60  -4.79995683135996      -1.303179174822431E-002
          77          60   4.80003759849294      -7.343050739397097E-034
          78          60  -4.80003759849294       6.241593128487510E-033
          61          61   153.599598949408       0.238295620538957     
          62          61  -38.4000000000000      -2.978695256736982E-002
          63          61 -1.559641191634969E-004  0.000000000000000E+000
          64          61  5.570147100717792E-005  0.000000000000000E+000
          65          61  -54.3058638141473       0.000000000000000E+000
          66          61  -31.3534141315519       0.000000000000000E+000
          67          61 -5.570147094945656E-005  0.000000000000000E+000
          68          61  -76.8001559641189       0.000000000000000E+000
          62          62   153.599598949409       0.238295620538958     
          63          62 -5.570147097654674E-005  0.000000000000000E+000
          64          62   76.8001559641192       0.000000000000000E+000
          65          62  7.877377575476374E-005  0.000000000000000E+000
          66          62  -62.7069647032859       0.000000000000000E+000
          67          62 -1.559641189956322E-004  0.000000000000000E+000
          68          62 -5.570147099164507E-005  0.000000000000000E+000
          63          63   307.199197898818       2.937220295758839E-033
          64          63   76.8000000000000       1.835762684849271E-033
          65          63  -54.3058638141477       0.000000000000000E+000
          66          63   31.3534141315519       0.000000000000000E+000
          67          63  -76.8001559641192       0.000000000000000E+000
          68          63 -5.570147100974169E-005  0.000000000000000E+000
          69          63  -4.80001949551496      -6.200655107571003E-019
          70          63  -4.80003759849295       1.033442517928491E-018
          71          63 -1.114029420420275E-005 -5.910507401355325E-049
          72          63 -8.355220649659748E-006  7.343050739397074E-034
          73          63  -54.3058638141478      -2.076928388969830E-033
          74          63  -31.3534141315519       2.997787911148241E-034
          75          63   76.8001559641192      -3.671525369698452E-034
          76          63 -5.570147126142996E-005 -4.772982980608100E-033
          77          63 -1.559641185588699E-004 -2.645612845896908E-017
          78          63  5.570147123678306E-005 -3.307016057371127E-018
          64          64   307.199197898817       1.468610147879414E-033
          65          64 -7.877377587595001E-005  0.000000000000000E+000
          66          64  -62.7069647032860       0.000000000000000E+000
          67          64  5.570147097743475E-005  0.000000000000000E+000
          68          64  1.559641191448454E-004  0.000000000000000E+000
          69          64   4.80001949551493      -8.267540143427900E-019
          70          64   4.80003759849295       2.066885035857014E-019
          71          64  -4.80000139253677      -4.483833201028171E-049
          72          64  -4.80001671044132       5.507288054547796E-034
          73          64 -7.877377598035816E-005 -1.298080243106142E-033
          74          64   62.7069647032860       4.496681866722376E-034
          75          64 -5.570147113020176E-005 -7.343050739397013E-034
          76          64  1.559641186091629E-004 -3.671525369698532E-033
          77          64  5.570147126387245E-005 -1.653508028685565E-017
          78          64  -76.8001559641191       6.614032114742269E-018
          65          65   76.7998663164696       0.128981288123322     
          66          65 -9.498152883814430E-014 -1.535230276239474E-016
          67          65   54.3057850403719      -4.960524086056700E-018
          68          65   54.3057850403717      -1.488157225817008E-017
          66          66   76.7998663164696       0.128981288123322     
          67          66  -31.3535505717339       3.372511400041796E-033
          68          66   31.3535505717338       1.011753420012538E-032
          67          67   153.599598949409       0.238295620538958     
          68          67  -38.4000000000000      -2.978695256736989E-002
          68          68   153.599598949408       0.238295620538958     
          69          69   14.3999686679225       2.978695256736979E-002
          70          69  -4.79998920783996      -1.908226648847127E-002
          71          69   2.39999860746322      -9.308422677303109E-004
          72          69   2.39999825932901       1.163552834662877E-003
          73          69   3.39411550371208       4.384525274362450E-019
          74          69   5.87878049918655      -4.219011412369722E-019
          75          69  -23.9999554388232      -1.117010721276365E-002
          76          69  -19.2000236731252       5.585053606381968E-003
          77          69  -19.2000236731252       5.585053606381946E-003
          78          69  -23.9999554388232      -1.117010721276364E-002
          70          70   14.3999644903122       3.444116390602132E-002
          71          70   2.39999512612129       1.396263401595450E-003
          72          70  -7.19999686679225      -2.559816236258333E-003
          73          70   3.39411747305641      -7.307542123937353E-019
          74          70   5.87878391019100      -2.531406847421830E-019
          75          70  -4.79995683135997      -1.303179174822427E-002
          76          70   19.1999902522425      -9.308422677303156E-003
          77          70   19.1999902522426      -9.308422677303134E-003
          78          70  -4.79995683135998      -1.303179174822429E-002
          71          71   28.7999603127019       1.768600308687579E-002
          72          71  -9.59998294142452      -1.117010721276366E-002
          73          71  -13.5764373980432       2.066885035856935E-019
          74          71  -19.5958753047086       2.986543412512716E-018
          75          71  -19.1999721492645      -7.446738141842373E-003
          76          71  1.392536779881660E-005 -3.723369070921208E-003
          77          71  8.355220658505836E-006  5.323711786062875E-033
          78          71   4.80001671044131      -1.468610147879410E-033
          97          71  -4.79998746716891      -3.723369070921219E-003
          98          71  -43.1999498686760      -7.446738141842407E-003
          72          72   28.7999603127019       1.768600308687579E-002
          73          72   13.5764373980432      -4.133770071713865E-019
          74          72  -19.5958753047086      -6.985649563994184E-018
          75          72  1.392536780741914E-005 -3.723369070921198E-003
          76          72  -19.1999721492644      -7.446738141842364E-003
          77          72  1.114029420095484E-005 -6.614032114742255E-018
          78          72   4.80000139253679       1.653508028685555E-018
          97          72  -43.1999498686759      -7.446738141842341E-003
          98          72  -4.79998746716887      -3.723369070921184E-003
          73          73   153.599576668821       4.405830443638247E-033
          74          73 -1.940373925908407E-014 -6.056514810605188E-033
          75          73  -54.3057850403719       2.596160486212223E-034
          76          73   54.3057850403719       3.375008632075967E-033
          77          73  -54.3058638141478       1.870730783727943E-017
          78          73 -7.877377589698060E-005  2.338413479659924E-018
          97          73   27.1530973320030       1.984209634422679E-017
          98          73  -27.1530973320030      -1.488157225817010E-017
          74          74   204.799665791174       2.835834982305653E-032
          75          74  -31.3535505717341      -4.496681866722375E-034
          76          74  -31.3535505717341      -1.049225768901887E-033
          77          74   31.3534141315519      -2.700167303916601E-018
          78          74  -62.7069647032860       6.750418259791546E-018
          97          74   15.6766115576482      -6.155141451061791E-017
          98          74   15.6766115576483       2.025125477937478E-018
          75          75   153.599598949409       0.238295620538958     
          76          75   38.3999999999998       2.978695256736939E-002
          77          75  5.570147123889503E-005  3.307016057371071E-018
          78          75 -1.559641186465775E-004 -1.322806422948450E-017
          76          76   153.599598949409       0.238295620538958     
          77          76  -76.8001559641192       4.299120874582468E-017
          78          76  5.570147117366959E-005 -1.322806422948449E-017
          77          77   153.599598949409       0.238295620538958     
          78          77   38.3999999999998       2.978695256736941E-002
          78          78   153.599598949409       0.238295620538958     
          97          97   230.399420704701       0.238295620538958     
          98          97   115.199977719411       2.978695256736949E-002
          98          98   230.399420704701       0.238295620538958     
